0.00	12.21	
12.21	24.68	
25.24	38.65	
38.65	54.06	
54.06	64	
64	74.99	
75.49	83	
83	92.97	
102.89	105.11	
105.22	107.60	
107.88	110.80	
110.98	113.87	
114.21	116.84	
117.11	119.99	
120.12	122.65	
122.97	125.90	
126.13	129.15	
129.48	132.21	
132.47	135.14	
135.42	139.57	
139.96	144.10	
144.41	148.23	
148.50	152.44	
152.74	156.39	
156.67	160.29	
160.56	164.58	
164.94	168.84	
169.24	173.62	
173.90	177.71	
178.01	181.88	
182.06	185.71	
186.03	189.75	
190.08	194.20	
194.50	198.45	
198.73	202.46	
202.72	206.84	
207.01	210.77	
210.99	215.02	
215.30	219.01	
219.14	223.35	
223.59	227.13	
227.39	231.29	
231.45	235.60	
235.71	239.70	
239.86	243.54	
243.74	247.57	
247.86	252.09	
252.41	256.12	
256.24	260.10	
260.30	262.38	
262.54	265.72	
265.99	269.57	
269.79	273.79	
274.04	278.02	
278.27	280.63	
280.88	283.31	
283.51	285.55	
285.69	287.68	
287.82	290.53	
290.70	293.33	
293.60	295.23	
295.40	297.80	
297.99	300.63	
300.88	303.41	
303.53	306.44	
306.63	309.25	
309.50	312.27	
312.44	314.89	
315.04	317.78	
317.96	319.82	
320.06	322.06	
322.26	326.41	
326.70	330.67	
330.89	334.95	
335.15	339.35	
339.51	343.46	
343.69	347.54	
347.69	351.76	
351.95	356.03	
356.21	360.04	
360.23	364.04	
364.23	368.14	
368.36	372.34	
372.57	376.32	
376.58	380.66	
380.92	384.63	
384.85	389.02	
389.25	393.17	
393.42	397.38	
397.57	401.72	
401.94	406.23	
406.39	410.35	
410.62	414.52	
414.64	418.65	
418.78	422.59	
422.76	424.81	
424.89	427.47	
427.65	429.85	
430.06	432.23	
432.36	434.15	
434.15	436.06	
436.13	437.75	
437.75	439.52	
439.58	441.04	
441.04	442.95	
443.04	445.33	
445.50	447.87	
448.02	450.34	
450.54	452.93	
453.02	455.37	
455.51	458.08	
458.27	460.63	
460.63	463.36	
463.53	466.19	
466.33	468.71	
468.71	471.55	
471.55	473.37	
473.49	475.15	
475.32	477.41	
477.55	479.10	
479.21	481.32	
481.32	484.02	
484.02	486.01	
486.01	487.98	
487.98	490.60	
490.60	492.54	
492.62	494.50	
494.57	496.45	
496.56	498.41	
498.51	500.28	
500.38	502.70	
502.84	504.49	
504.68	506.49	
506.49	508.48	
508.48	510.21	
510.30	511.98	
512.07	514.48	
514.58	516.35	
516.44	518.13	
518.29	520.03	
520.14	521.89	
521.89	523.71	
523.80	525.49	
525.49	527.18	
527.26	529.08	
529.17	530.88	
531.10	532.67	
532.84	534.44	
534.44	536.22	
536.32	538.13	
538.13	540.00	
540.00	541.75	
541.86	543.69	
543.69	545.53	
545.70	547.55	
547.66	549.47	
549.60	551.54	
551.54	553.34	
553.47	555.14	
555.24	557.15	
557.26	559.11	
559.22	560.91	
561.06	562.80	
562.97	564.74	
564.90	566.72	
566.94	568.41	
568.60	570.13	
570.40	572.12	
572.22	574.13	
574.35	576.04	
576.26	578.09	
578.25	579.89	
580.09	581.91	
582.02	583.78	
583.96	585.86	
586.02	587.82	
587.97	589.85	
589.96	591.67	
591.84	593.58	
593.80	595.63	
595.80	597.40	
597.54	599.16	
599.33	601.13	
601.26	603.04	
603.17	605.08	
605.16	606.88	
607.02	608.80	
608.98	610.62	
610.83	612.52	
612.74	614.27	
614.43	616.32	
616.45	618.12	
618.20	620.07	
620.18	621.87	
622.02	623.75	
623.87	625.58	
625.66	627.38	
627.49	629.07	
629.17	630.89	
630.97	632.80	
632.89	634.85	
634.96	637.12	
637.12	639.10	
639.10	641.07	
641.07	643.00	
643.11	645.49	
645.63	647.51	
647.70	649.61	
649.73	651.69	
651.69	653.57	
653.66	655.34	
655.51	657.77	
657.92	660.10	
660.29	662.51	
662.61	664.24	
664.36	666.10	
666.23	667.85	
667.98	669.59	
669.75	671.33	
671.49	673.24	
673.38	675.25	
675.45	677.57	
677.75	679.54	
679.71	681.69	
681.69	683.39	
683.52	685.24	
685.32	687.03	
687.20	689.22	
689.22	691.24	
691.35	693.12	
693.21	695.00	
695.16	696.91	
697.02	699.48	
699.67	701.53	
701.64	703.52	
703.65	705.57	
705.65	707.37	
707.55	710.16	
710.29	712.67	
712.86	716.44	
716.63	718.89	
718.98	721.28	
721.38	723.91	
724.09	726.28	
726.37	730.07	
730.21	731.89	
731.98	733.78	
733.91	736.16	
736.29	738.04	
738.14	739.92	
740.09	742.57	
742.71	745.25	
745.36	747.74	
747.94	749.60	
749.60	751.45	
751.68	753.96	
754.13	756.85	
756.99	759.48	
759.66	761.27	
761.44	763.51	
763.51	766.03	
766.14	768.98	
769.18	771.80	
772.03	773.80	
773.94	775.68	
775.88	777.43	
777.58	779.64	
779.72	781.43	
781.52	783.57	
783.70	785.41	
785.58	788.29	
788.38	789.98	
790.18	792.06	
792.22	793.97	
794.05	796.23	
796.34	798.44	
798.55	800.49	
800.49	802.79	
802.95	804.70	
804.78	806.63	
806.79	808.54	
808.79	811.06	
811.25	813.77	
813.91	815.61	
815.78	817.50	
817.70	819.65	
819.74	821.42	
821.54	823.98	
824.17	827.82	
827.95	830.25	
830.41	832.32	
832.43	834.07	
834.23	836.48	
836.72	839.19	
839.41	841.83	
842.04	844.66	
844.82	848.70	
848.97	852.46	
852.76	854.87	
855.00	856.77	
856.91	858.44	
858.60	860.43	
860.62	862.20	
862.34	864.30	
864.44	866.98	
867.15	868.97	
869.14	870.96	
871.15	873.57	
873.70	875.59	
875.67	877.27	
877.36	878.98	
879.21	881.64	
881.88	884.16	
884.16	885.92	
886.03	887.66	
887.77	889.80	
890.05	891.59	
891.71	893.15	
893.34	894.99	
894.99	897.57	
897.57	899.18	
899.18	901.53	
901.53	903.33	
903.33	905.18	
905.31	907.22	
907.22	909.10	
909.26	910.87	
910.96	912.95	
913.14	914.86	
914.97	917.26	
917.43	919.72	
919.86	921.63	
921.74	923.74	
923.98	926.30	
926.42	928.29	
928.29	930.29	
930.35	932.26	
932.26	934.58	
934.68	936.43	
936.43	938.34	
938.50	940.75	
940.94	942.76	
943.01	945.00	
945.19	947.66	
947.66	949.40	
949.57	951.29	
951.29	953.33	
953.33	955.07	
955.16	957.36	
957.36	959.06	
959.27	961.84	
961.91	964.51	
964.64	967.10	
967.19	968.77	
968.87	970.44	
970.53	972.08	
972.28	974.38	
974.70	976.56	
976.67	978.31	
978.52	980.63	
980.80	983.14	
983.31	985.61	
985.61	988.39	
988.53	991.08	
991.27	995.20	
995.57	996.95	
997.06	999.24	
999.24	1001.07	
1001.18	1002.95	
1003.09	1004.60	
1004.74	1006.96	
1007.12	1009.22	
1009.50	1013.46	
1013.74	1015.06	
1015.28	1017.53	
1017.71	1019.29	
1019.51	1021.25	
1021.42	1022.97	
1023.24	1025.08	
1025.26	1027.70	
1027.82	1030.32	
1030.32	1032.19	
1032.34	1034.17	
1034.47	1037.07	
1037.25	1038.68	
1038.91	1041.22	
1041.33	1043.82	
1043.82	1046.15	
1046.26	1048.86	
1049.05	1051.29	
1051.46	1053.48	
1053.65	1055.61	
1055.75	1057.95	
1058.05	1060.47	
1060.65	1063.19	
1063.38	1065.21	
1065.40	1067.01	
1067.15	1069.47	
1069.69	1072.25	
1072.45	1075.05	
1075.16	1076.83	
1076.96	1078.84	
1078.84	1080.55	
1080.70	1082.47	
1082.57	1084.45	
1084.51	1086.36	
1086.28	1088.68	
1088.75	1090.43	
1090.60	1092.54	
1092.67	1095.18	
1095.36	1098.90	
1099.01	1103.01	
1103.01	1104.68	
1104.76	1106.66	
1106.80	1108.43	
1108.54	1110.20	
1110.32	1112.09	
1112.20	1113.85	
1114.00	1115.91	
1115.91	1117.92	
1118.01	1119.74	
1119.88	1121.82	
1121.90	1124.34	
1124.45	1126.24	
1126.31	1128.32	
1128.43	1130.14	
1130.21	1131.98	
1132.09	1133.83	
1133.97	1135.74	
1135.85	1137.55	
1137.73	1139.96	
1140.07	1141.98	
1142.09	1143.56	
1143.68	1145.17	
1145.30	1146.74	
1146.86	1149.43	
1149.53	1151.53	
1151.53	1153.51	
1153.68	1155.35	
1155.49	1157.89	
1158.03	1160.15	
1160.15	1162.68	
1162.81	1165.16	
1165.32	1166.84	
1167.02	1169.00	
1169.15	1170.89	
1170.89	1172.69	
1172.82	1174.95	
1174.95	1177.67	
1177.85	1180.26	
1180.40	1181.86	
1181.97	1183.48	
1183.69	1185.16	
1185.35	1186.90	
1187.01	1188.69	
1188.84	1190.66	
1190.74	1192.35	
1192.49	1194.07	
1194.17	1196.05	
1196.16	1198.00	
1198.05	1200.04	
1200.07	1202.61	
1202.69	1204.41	
1204.43	1206.18	
1206.31	1207.84	
1208.00	1210.10	
1210.28	1211.99	
1212.01	1213.46	
1213.68	1215.20	
1215.41	1217.04	
1217.21	1219.04	
1219.21	1220.97	
1221.08	1222.85	
1222.99	1224.63	
1224.73	1226.73	
1226.73	1228.53	
1228.69	1230.41	
1230.62	1233.23	
1233.39	1235.16	
1235.35	1237.23	
1237.41	1239.18	
1239.36	1241.00	
1241.17	1243.35	
1243.47	1245.42	
1245.50	1247.34	
1247.48	1249.97	
1250.13	1252.40	
1252.50	1254.80	
1254.94	1256.52	
1256.68	1258.86	
1259.06	1261.93	
1262.05	1263.99	
1264.17	1266.39	
1266.64	1268.50	
1268.66	1270.43	
1270.62	1272.55	
1272.76	1275.05	
1275.26	1277.40	
1277.57	1280.75	
1280.94	1283.15	
1283.27	1285.61	
1285.77	1288.38	
1288.54	1290.71	
1290.87	1293.22	
1293.47	1296.21	
1296.32	1298.92	
1299.09	1301.02	
1301.21	1303.09	
1303.26	1305.80	
1305.99	1308.29	
1308.57	1310.98	
1311.14	1313.85	
1314.02	1316.29	
1316.45	1319.38	
1319.47	1321.23	
1321.38	1323.26	
1323.26	1325.52	
1325.63	1327.48	
1327.55	1330.15	
1330.23	1332.91	
1332.99	1335.50	
1335.68	1338.31	
1338.44	1340.49	
1340.57	1342.56	
1342.70	1345.05	
1345.14	1347.68	
1347.78	1350.28	
1350.49	1352.98	
1353.18	1355.76	
1355.76	1357.66	
1357.74	1359.63	
1359.63	1361.62	
1361.76	1364.83	
1365.04	1367.57	
1367.71	1370.02	
1370.21	1372.71	
1372.85	1375.41	
1375.53	1377.91	
1378.02	1380.10	
1380.31	1382.27	
1382.41	1384.88	
1385.05	1387.56	
1387.72	1389.39	
1389.53	1391.22	
1391.37	1392.79	
1392.99	1394.64	
1394.75	1396.22	
1396.36	1397.83	
1398.02	1399.62	
1399.75	1401.47	
1401.63	1403.40	
1403.55	1405.89	
1406.03	1408.09	
1408.25	1410.24	
1410.30	1412.20	
1412.46	1414.30	
1414.55	1416.16	
1416.27	1418.54	
1418.64	1420.94	
1421.09	1423.30	
1423.48	1425.25	
1425.32	1427.14	
1427.28	1429.36	
1429.51	1431.49	
1431.60	1433.39	
1433.55	1435.88	
1436.05	1438.43	
1438.61	1440.96	
1441.21	1442.71	
1442.88	1444.56	
1444.67	1446.37	
1446.47	1447.83	
1447.94	1449.76	
1449.76	1451.70	
1451.79	1453.39	
1453.55	1455.16	
1455.26	1457.17	
1457.17	1459.69	
1459.86	1461.99	
1462.15	1463.90	
1464.01	1465.84	
1466.05	1468.26	
1468.43	1470.84	
1470.84	1472.44	
1472.44	1474.74	
1475.02	1477.25	
1477.42	1479.88	
1480.07	1481.73	
1481.88	1483.48	
1483.70	1486.07	
1486.27	1488.01	
1488.18	1489.81	
1489.98	1491.84	
1492.00	1493.91	
1494.08	1496.72	
1496.79	1498.36	
1498.53	1500.52	
1500.63	1504.31	
1504.49	1506.27	
1506.43	1508.23	
1508.32	1510.03	
1510.30	1512.41	
1512.57	1514.29	
1514.51	1516.30	
1516.51	1518.96	
1518.96	1520.93	
1521.06	1522.78	
1522.94	1525.27	
1525.46	1528.00	
1528.17	1530.47	
1530.56	1532.33	
1532.33	1534.18	
1534.18	1535.83	
1535.94	1537.85	
1537.93	1539.54	
1539.70	1541.78	
1541.98	1544.27	
1544.50	1548.37	
1548.55	1550.33	
1550.33	1552.29	
1552.48	1554.92	
1555.01	1558.82	
1559.01	1560.73	
1560.83	1562.25	
1562.45	1563.80	
1563.91	1565.40	
1565.65	1567.44	
1567.61	1570.38	
1570.51	1572.35	
1572.51	1574.28	
1574.41	1576.13	
1576.13	1577.69	
1577.84	1580.18	
1580.33	1581.95	
1582.08	1584.02	
1584.18	1585.64	
1585.75	1587.70	
1587.80	1589.38	
1589.47	1591.68	
1591.84	1594.14	
1594.25	1595.63	
1595.82	1597.84	
1597.98	1599.48	
1599.56	1601.91	
1601.91	1603.76	
1603.93	1605.81	
1606.08	1607.69	
1607.80	1609.82	
1609.99	1611.93	
1612.06	1613.94	
1614.05	1615.80	
1615.91	1617.79	
1618.01	1620.66	
1620.83	1623.18	
1623.27	1625.72	
1625.91	1628.85	
1629.01	1630.57	
1630.71	1632.48	
1632.73	1634.43	
1634.58	1636.49	
1636.68	1638.12	
1638.26	1639.94	
1640.05	1641.76	
1641.94	1643.73	
1643.97	1645.59	
1645.80	1649.71	
1649.98	1651.89	
1652.08	1653.93	
1654.08	1656.34	
1656.57	1658.20	
1658.34	1660.04	
1660.18	1662.57	
1662.76	1664.42	
1664.64	1666.43	
1666.58	1668.15	
1668.37	1670.29	
1670.44	1671.96	
1672.10	1673.49	
1673.66	1675.24	
1675.45	1677.94	
1678.13	1679.61	
1679.82	1681.38	
1681.57	1683.01	
1683.31	1685.08	
1685.30	1687.05	
1687.16	1689.18	
1689.33	1691.08	
1691.24	1693.85	
1694.01	1695.92	
1696.01	1697.60	
1697.75	1700.07	
1700.31	1702.34	
1702.59	1704.30	
1704.53	1706.54	
1706.65	1708.48	
1708.65	1711.68	
1711.83	1713.48	
1713.63	1715.45	
1715.45	1717.58	
1717.82	1719.87	
1720.09	1721.94	
1722.09	1724.16	
1724.25	1725.76	
1726.01	1727.67	
1727.81	1729.96	
1730.18	1732.21	
1732.37	1734.00	
1734.18	1736.63	
1736.77	1739.31	
1739.43	1741.11	
1741.22	1743.05	
1743.22	1744.98	
1745.05	1746.68	
1746.89	1748.45	
1748.56	1750.32	
1750.51	1753.17	
1753.37	1755.88	
1755.99	1758.07	
1758.18	1759.89	
1760.08	1761.23	
1761.47	1763.55	
1763.68	1765.62	
1765.75	1767.63	
1767.84	1769.27	
1769.44	1771.09	
1771.09	1772.47	
1772.59	1774.33	
1774.44	1776.46	
1776.77	1778.43	
1778.56	1780.25	
1780.45	1782.07	
1782.25	1784.23	
1784.35	1786.72	
1786.97	1789.46	
1789.54	1791.89	
1792.11	1793.69	
1793.88	1795.87	
1796.02	1797.86	
1798.07	1799.75	
1799.92	1802.46	
1802.65	1804.31	
1804.59	1806.20	
1806.39	1808.98	
1809.13	1810.68	
1810.93	1812.59	
1812.78	1814.72	
1814.90	1816.48	
1816.62	1818.12	
1818.34	1820.49	
1820.69	1823.01	
1823.15	1825.63	
1825.75	1828.48	
1828.73	1831.16	
1831.39	1833.77	
1834.02	1836.83	
1837.03	1839.36	
1839.60	1841.87	
1842.07	1843.76	
1843.98	1845.60	
1845.78	1847.46	
1847.68	1849.21	
1849.34	1851.00	
1851.16	1852.80	
1852.97	1855.65	
1855.84	1857.95	
1858.16	1860.04	
1860.26	1862.06	
1862.26	1864.11	
1864.25	1865.88	
1866.07	1867.73	
1867.92	1869.73	
1869.94	1872.15	
1872.36	1873.92	
1874.15	1876.41	
1876.69	1878.36	
1878.55	1880.13	
1880.40	1882.14	
1882.34	1884.13	
1884.32	1886.15	
1886.38	1888.31	
1888.39	1890.58	
1890.93	1892.23	
1892.48	1894.18	
1894.40	1896.75	
1896.89	1898.87	
1899.13	1900.90	
1901.06	1902.64	
1902.80	1904.66	
1904.79	1906.71	
1906.82	1908.70	
1908.89	1910.55	
1910.72	1912.54	
1912.68	1915.50	
1915.83	1918.04	
1918.35	1919.89	
1920.04	1921.75	
1921.91	1923.72	
1923.96	1925.59	
1925.74	1928.22	
1928.36	1930.58	
1930.94	1932.23	
1932.51	1934.28	
1934.41	1936.08	
1936.18	1938.01	
1938.09	1939.95	
1940.05	1942.00	
1942.14	1943.74	
1943.87	1945.64	
1945.72	1947.39	
1947.39	1949.02	
1949.24	1950.74	
1950.99	1952.42	
1952.56	1954.41	
1954.66	1956.62	
1956.71	1958.75	
1958.86	1960.39	
1960.56	1962.32	
1962.46	1964.18	
1964.28	1966.05	
1966.20	1968.38	
1968.52	1970.07	
1970.17	1971.76	
1971.87	1973.63	
1973.78	1975.91	
1976.04	1977.89	
1977.97	1979.75	
1979.94	1982.24	
1982.38	1983.85	
1984.03	1985.69	
1985.86	1987.52	
1987.52	1989.15	
1989.27	1990.97	
1991.12	1992.92	
1993.08	1994.57	
1994.74	1996.35	
1996.53	1998.08	
1998.23	1999.89	
2000.05	2001.77	
2001.91	2003.65	
2003.86	2005.49	
2005.67	2007.96	
2008.15	2009.90	
2009.98	2011.70	
2011.89	2013.54	
2013.76	2015.35	
2015.53	2017.01	
2017.19	2018.85	
2019.02	2021.07	
2021.18	2023.00	
2023.26	2024.81	
2025.03	2027.27	
2027.43	2029.34	
2029.47	2031.39	
2031.55	2033.35	
2033.52	2035.25	
2035.36	2037.25	
2037.33	2039.40	
2039.62	2041.35	
2041.54	2045.43	
2045.61	2048.34	
2048.40	2050.78	
2051.10	2052.82	
2053.01	2054.98	
2055.11	2056.77	
2056.88	2058.66	
2058.98	2060.98	
2061.09	2062.97	
2062.97	2064.79	
2064.71	2066.95	
2067.17	2069.61	
2069.81	2072.21	
2072.34	2074.62	
2074.83	2077.27	
2077.43	2078.79	
2078.95	2081.06	
2081.19	2082.72	
2082.86	2084.98	
2085.10	2087.70	
2087.84	2090.24	
2090.46	2091.91	
2092.04	2093.87	
2094.11	2095.63	
2095.80	2097.55	
2097.71	2099.32	
2099.50	2101.19	
2101.39	2103.41	
2103.58	2105.23	
2105.46	2109.03	
2109.22	2110.98	
2110.98	2112.67	
2112.84	2115.03	
2115.16	2117.12	
2117.30	2119.07	
2119.36	2121.46	
2121.75	2123.40	
2123.60	2125.43	
2125.54	2127.72	
2127.86	2129.63	
2129.91	2131.67	
2131.79	2133.47	
2133.59	2135.35	
2135.54	2137.10	
2137.20	2139.14	
2139.37	2141.10	
2141.25	2142.88	
2143.10	2145.36	
2145.58	2147.13	
2147.25	2148.94	
2149.13	2150.93	
2151.12	2153.08	
2153.24	2154.94	
2155.07	2156.68	
2156.81	2158.73	
2158.84	2160.94	
2161.11	2162.65	
2162.76	2165.16	
2165.30	2167.41	
2167.61	2169.35	
2169.54	2171.78	
2171.92	2174.57	
2174.74	2177.15	
2177.39	2179.10	
2179.24	2181.16	
2181.35	2183.07	
2183.18	2185.25	
2185.36	2188.13	
2188.34	2190.64	
2190.84	2192.49	
2192.66	2194.60	
2194.84	2197.11	
2197.33	2199.79	
2200.13	2202.56	
2202.79	2204.83	
2204.94	2207.63	
2207.82	2209.76	
2209.97	2211.57	
2211.68	2214.02	
2214.24	2215.79	
2216.01	2217.66	
2217.83	2219.29	
2219.40	2221.18	
2221.37	2223.05	
2223.20	2224.96	
2225.15	2226.90	
2227.06	2228.64	
2228.84	2230.55	
2230.64	2232.66	
2232.85	2234.68	
2234.79	2236.45	
2236.64	2238.38	
2238.52	2240.43	
2240.59	2242.23	
2242.41	2244.27	
2244.49	2246.62	
2246.79	2249.67	
2249.97	2251.41	
2251.65	2253.59	
2253.79	2256.13	
2256.30	2258.01	
2258.16	2260.34	
2260.54	2262.13	
2262.39	2264.29	
2264.51	2266.09	
2266.34	2268.00	
2268.22	2269.86	
2270.07	2271.51	
2271.76	2273.54	
2273.72	2275.61	
2275.88	2277.68	
2277.77	2279.78	
2279.95	2281.67	
2281.86	2284.35	
2284.59	2286.23	
2286.34	2288.42	
2288.55	2290.27	
2290.27	2292.00	
2292.00	2294.05	
2294.19	2295.99	
2295.99	2298.65	
2298.84	2300.78	
2300.78	2302.82	
2302.99	2305.65	
2305.65	2307.46	
2307.58	2309.43	
2309.57	2312.30	
2312.42	2314.88	
2315.02	2316.95	
2317.09	2319.01	
2319.20	2321.77	
2321.91	2323.79	
2324.07	2326.03	
2326.22	2327.82	
2327.96	2329.52	
2329.63	2331.40	
2331.58	2333.11	
2333.35	2335.45	
2335.57	2338.19	
2338.39	2341.12	
2341.27	2343.90	
2344.00	2346.47	
2346.72	2349.37	
2349.54	2351.99	
2352.08	2354.79	
2354.90	2357.56	
2357.66	2360.37	
2360.46	2362.43	
2362.62	2365.19	
2365.44	2367.60	
2367.71	2369.89	
2370.08	2372.13